131
0 1344 1008
0 1280 992
5 960 1024
0 640 992
0 576 1008
1 576 944
1 640 928
1 1280 928
1 1344 944
5 1312 384
5 1312 352
5 1312 320
5 1312 256
5 608 384
5 608 352
5 640 320
5 704 320
5 736 352
5 736 384
5 672 288
5 672 256
5 896 384
5 832 352
5 832 320
5 832 288
5 832 256
5 896 304
5 960 352
5 960 320
5 960 288
5 960 256
5 1056 384
5 1056 352
5 1088 320
5 1152 320
5 1120 288
5 1120 256
5 1184 352
5 1184 384
5 896 1008
5 1024 1008
5 1088 992
5 1088 960
5 1024 736
5 896 736
5 832 992
5 832 960
5 832 928
5 896 928
5 1024 928
5 1088 928
5 1056 896
5 864 896
5 960 736
5 928 704
5 992 704
5 960 672
5 960 640
5 960 608
5 960 576
5 928 544
5 992 544
5 1056 528
5 1088 496
5 864 528
5 832 496
5 928 512
5 992 512
5 896 496
5 960 496
5 1024 496
5 864 864
5 864 832
5 864 800
5 1056 864
5 1056 832
5 1056 800
5 992 800
5 928 800
5 928 832
5 992 832
5 992 864
5 928 864
5 1024 768
5 960 768
5 896 768
5 768 912
5 736 880
5 736 848
5 736 816
5 768 784
5 768 752
5 832 736
5 1152 912
5 1184 880
5 1184 848
5 1184 816
5 1152 752
5 1088 736
2 672 864
2 608 880
2 1248 864
2 1312 880
3 1248 800
3 1312 816
3 672 800
3 608 816
4 704 736
4 640 752
4 1216 736
4 1280 752
0 1216 976
0 1152 960
0 704 976
0 768 960
1 704 912
1 1216 912
1 800 880
1 1120 880
2 1120 832
2 800 832
4 1152 720
4 1088 704
4 768 720
4 832 704
5 960 912
5 928 896
5 992 896
5 1152 784
3 1088 768
3 832 768
