148
4 1184 592
4 1248 592
4 1248 496
4 1248 464
4 736 592
4 672 592
4 672 496
4 672 464
4 864 560
4 928 560
4 992 560
4 1056 560
4 608 560
4 608 528
4 672 560
4 736 560
4 672 528
4 736 432
4 800 400
4 864 400
4 928 400
4 992 400
4 1056 400
4 1120 400
4 1184 432
4 864 528
4 928 528
4 992 528
4 1056 528
4 1184 560
4 1312 560
4 1312 528
4 1248 560
4 1248 528
4 1184 496
4 1184 464
4 1120 432
4 1056 432
4 992 432
4 928 432
4 1120 464
4 864 432
4 800 432
4 736 464
4 736 496
4 800 560
4 1120 560
4 800 464
4 704 624
4 608 592
4 640 624
4 1312 592
4 1280 624
4 1216 624
4 928 640
4 992 640
4 896 672
4 896 704
4 960 672
4 960 704
4 1024 672
4 1024 704
4 992 736
4 928 736
3 768 976
3 1216 992
3 1152 976
3 768 720
3 800 752
3 736 752
4 768 832
3 1152 720
3 1120 752
3 1184 752
4 1152 832
3 1024 880
3 1056 912
3 1088 944
3 1152 944
3 1216 960
3 1280 992
3 992 848
3 928 848
3 896 880
3 864 912
3 832 944
3 768 944
3 704 992
3 704 960
3 640 992
1 768 896
1 704 864
1 704 832
1 768 800
1 832 832
1 832 864
1 1088 864
1 1088 832
1 1152 800
1 1216 832
1 1216 864
1 1152 896
4 576 624
4 1344 624
1 736 528
1 800 528
1 800 496
1 864 496
1 864 464
1 928 464
1 928 496
1 992 496
1 992 464
1 1056 464
1 1056 496
1 1120 496
1 1120 528
1 1184 528
2 608 208
2 608 240
2 640 272
2 672 304
2 736 320
2 800 320
2 864 320
2 928 320
2 992 320
2 1056 320
2 1120 320
2 1184 320
2 1248 304
2 1280 272
2 1312 240
2 1312 208
2 960 288
2 928 256
2 992 256
2 960 224
2 928 192
2 992 192
2 864 256
2 800 240
2 864 192
2 800 160
2 1056 256
2 1120 240
2 1056 192
2 1120 176
