104
2 640 688
2 768 688
2 896 688
2 1024 688
2 1152 688
2 1280 688
2 640 624
2 704 624
2 768 624
2 832 624
2 896 624
2 960 624
2 1024 624
2 1088 624
2 1152 624
2 1216 624
2 1280 624
2 704 560
2 832 560
2 960 560
2 1088 560
2 1216 560
0 704 432
0 640 560
0 640 496
0 704 496
0 768 496
0 768 560
0 832 496
0 832 432
0 896 560
0 896 496
0 960 432
0 960 496
0 1024 560
0 1024 496
0 1088 496
0 1088 432
0 1152 496
0 1152 560
0 1216 496
0 1216 432
0 1280 496
0 1280 560
1 1280 1008
1 1216 1008
1 1152 1008
1 1088 1008
1 1024 1008
1 960 1008
1 896 1008
1 832 1008
1 768 1008
1 704 1008
1 640 1008
1 704 944
1 832 944
1 960 944
1 1088 944
1 1216 944
4 1216 816
4 1280 880
4 1216 880
4 1152 880
4 1088 880
4 1024 880
4 960 880
4 896 880
4 832 880
4 768 880
4 704 880
4 640 880
4 640 944
4 768 944
4 896 944
4 1024 944
4 1152 944
4 1280 944
4 1088 816
4 960 816
4 832 816
4 704 816
3 640 816
3 768 816
3 896 816
3 1024 816
3 1152 816
3 1280 816
3 1280 752
3 1216 752
3 1152 752
3 1088 752
3 1024 752
3 960 752
3 896 752
3 832 752
3 768 752
3 704 752
3 640 752
3 704 688
3 832 688
3 960 688
3 1088 688
3 1216 688
