68
2 1056 768
2 928 768
2 896 672
2 896 640
2 1088 640
2 1088 672
2 1088 704
2 960 800
2 1024 800
2 1088 608
2 896 608
0 1152 688
0 1152 736
0 1184 768
0 1120 768
0 1088 800
0 1120 832
0 1056 832
0 1024 864
0 992 896
0 992 832
0 960 864
0 928 832
0 928 896
0 896 800
0 864 832
0 864 768
0 832 864
0 832 736
0 800 768
0 832 704
0 768 720
0 832 672
0 768 656
0 832 640
2 992 768
2 1024 672
2 960 672
0 1088 864
0 1120 896
0 1024 928
2 1088 736
2 896 736
2 896 704
2 960 736
2 1024 736
2 1024 704
2 960 704
0 928 752
0 992 752
0 1056 752
2 960 640
2 1024 640
2 960 608
2 1088 576
2 896 576
2 896 544
2 1088 544
2 1056 512
2 1024 480
2 960 480
2 928 512
2 1024 608
2 960 576
2 1024 576
2 960 544
2 1024 544
1 992 512
